name,lig_cov,poc_cov,4A_crit,volume,hull,surface,lid,depth,surf/vol,lid/hull,ellVol,ell c/a,ell b/a,siteAtms,accept,donor,aromat,hydrophobicity,metal,Cs,Ns,Os,Ss,Xs,negAA,posAA,polarAA,apolarAA,sumAA,ALA,ARG,ASN,ASP,CSO,CYS,GLN,GLU,GLY,HIS,ILE,LEU,LYS,MET,PHE,PRO,SER,THR,TRP,TYR,VAL,A,C,G,U,I,N,DA,DC,DG,DT,DN,UNK,simpleScore,drugScore,tool
1q8t_clean_P_1,100,24.024,1,1334.4,1674.56,1627.04,47.52,21.47,0.487722,0.0283776,31448.8,0.311677,0.582643,332,53,48,43,0.71988,0,237,40,53,2,0,8,11,21,31,71,3,5,3,4,0,0,2,4,5,2,4,11,4,2,5,0,2,6,0,3,6,0,0,0,0,0,0,0,0,0,0,0,0,0.917251,0.93865,1
1q8u_clean_P_1,100,27.0775,1,1224.58,1496,1328.64,167.36,21.0523,0.433992,0.111872,17624.6,0.299121,0.570313,278,47,39,37,0.71223,0,196,33,47,2,0,7,9,17,24,57,3,5,3,3,0,0,1,4,5,1,3,7,3,2,4,0,2,3,0,3,5,0,0,0,0,0,0,0,0,0,0,0,0,0.836856,0.830506,1
1xd0_clean_P_1,90.9091,85.7999,1,575.917,581.978,430.889,151.089,17.6998,0.30689,0.259613,1424.81,0.128411,0.252908,97,14,15,32,0.721649,0,70,13,14,0,0,4,6,5,7,22,1,1,0,2,0,0,1,2,0,4,1,2,1,0,0,0,1,1,2,2,1,0,0,0,0,0,0,0,0,0,0,0,0,0.516795,0.570005,1
2yki_clean_P_1,100,43.8233,1,1134.59,1349.12,1149.12,200,29.7913,0.405122,0.148245,21686.2,0.156788,0.446555,234,38,38,29,0.696581,0,162,33,38,1,0,5,4,17,24,50,4,1,2,3,0,0,2,2,7,0,6,3,3,2,4,0,3,2,1,1,4,0,0,0,0,0,0,0,0,0,0,0,0,0.74982,0.721649,1
3jvs_clean_P_5,55.7692,84.6589,1,192.32,236.64,175.04,61.6,7.88923,0.36406,0.260311,101.905,0.393162,0.842151,48,9,4,7,0.75,0,36,3,9,0,0,3,0,2,6,11,1,0,0,0,0,0,0,3,1,0,1,1,0,0,1,2,0,0,0,1,0,0,0,0,0,0,0,0,0,0,0,0,0,0.299804,0.155187,6
2j62_clean_P_2,83.3333,57.1993,1,477.125,596.545,569.884,26.6612,15.0908,0.562994,0.0446927,2390.03,0.204863,0.449063,136,23,20,34,0.705882,0,94,18,23,1,0,4,3,10,15,32,1,1,2,3,0,0,0,1,2,1,2,0,1,1,1,1,1,1,4,4,5,0,0,0,0,0,0,0,0,0,0,0,0,0.450422,0.340016,1
2w66_clean_P_3,100,60.9858,1,389.39,471.953,415.593,56.3605,20.0342,0.547726,0.11942,688.241,0.125209,0.149954,113,19,16,32,0.716814,0,79,14,19,1,0,3,3,10,8,24,0,1,2,3,0,1,1,0,1,1,1,0,1,1,1,1,0,1,2,4,2,0,0,0,0,0,0,0,0,0,0,0,0,0.405358,0.343236,3
4dew_clean_P_1,0,0,0,235.84,425.6,424.64,0.96,15.96,0.720217,0.00225564,667.177,0.0971725,0.110892,121,18,21,16,0.702479,0,85,18,18,0,0,1,4,8,15,28,3,0,0,0,0,0,0,1,0,2,2,2,2,0,1,2,4,2,1,2,4,0,0,0,0,0,0,0,0,0,0,0,0,0.260774,0.0171615,1
1vso_clean_P_1,100,35.1367,1,779.584,870.4,603.36,267.04,23.4265,0.30958,0.306801,3426.26,0.0650149,0.345576,127,24,23,19,0.700787,0,88,14,24,1,0,4,2,12,14,32,1,2,1,1,0,0,0,3,1,0,1,5,0,2,0,2,3,3,1,4,2,0,0,0,0,0,0,0,0,0,0,0,0,0.565415,0.388525,1
2wbg_clean_P_1,96,38.2196,1,730.432,747.2,609.92,137.28,14.8054,0.334005,0.183726,2567.45,0.175454,0.459251,139,20,20,63,0.726619,0,101,18,20,0,0,4,3,11,14,32,1,0,6,0,0,0,1,4,1,3,0,0,0,2,4,0,1,0,5,2,2,0,0,0,0,0,0,0,0,0,0,0,0,0.631831,0.859099,1
3b3w_clean_P_1,100,47.4837,1,333.184,395.04,347.2,47.84,13.2,0.416827,0.121102,391.137,0.243883,0.266165,80,15,10,25,0.7125,0,53,8,15,4,0,4,2,5,9,20,2,0,0,2,0,2,0,2,1,2,1,1,0,2,2,0,0,0,0,2,1,0,0,0,0,0,0,0,0,0,0,0,0,0.35044,0.557654,1
1w3k_clean_P_1,100,28.1006,1,499.008,600.48,517.12,83.36,21.4252,0.414518,0.138822,1412,0.0999655,0.135221,122,23,19,45,0.680328,0,83,16,23,0,0,4,5,10,10,29,2,0,1,0,0,0,1,4,2,4,0,2,1,0,2,0,1,3,4,2,0,0,0,0,0,0,0,0,0,0,0,0,0,0.378419,0.340825,1
2cbj_clean_P_4,75,76.0543,1,298.079,356.642,331.473,25.1695,14.8478,0.527162,0.0705734,359.76,0.221803,0.251841,86,12,11,28,0.755814,0,64,9,12,1,0,3,1,8,9,21,0,0,2,3,0,0,0,0,1,0,0,0,1,1,1,0,0,1,3,4,4,0,0,0,0,0,0,0,0,0,0,0,0,0.448434,0.448177,1
3ozt_clean_P_2,100,55.9144,1,616.256,794.56,729.44,65.12,18.6719,0.473466,0.0819573,4607.7,0.131711,0.352225,161,26,27,24,0.68323,0,107,25,26,3,0,5,4,13,16,38,3,1,3,2,0,2,1,3,3,1,1,4,2,2,1,1,2,0,2,2,2,0,0,0,0,0,0,0,0,0,0,0,0,0.468679,0.374644,6
3gcs_clean_P_1,100,64.0223,1,688.96,795.84,729.44,66.4,23.2517,0.423502,0.0834339,3106.15,0.104131,0.131408,129,17,20,9,0.72093,0,91,19,17,2,0,2,5,2,21,30,1,2,0,1,0,0,0,1,1,2,5,7,1,2,1,0,0,1,0,0,5,0,0,0,0,0,0,0,0,0,0,0,0,0.611976,0.548703,6
2x97_clean_P_1,87.6923,14.1298,1,2632.56,3074.66,2705.09,369.566,46.0036,0.447448,0.120197,260185,0.0497326,0.638072,512,91,88,76,0.677734,0,343,76,91,2,0,16,20,33,36,105,10,6,3,8,0,2,6,8,2,5,3,7,9,0,5,4,6,6,2,8,5,0,0,0,0,0,0,0,0,0,0,0,0,1,1,1
3oe5_clean_P_2,100,57.5466,1,704.32,900.32,826.72,73.6,20.7152,0.469514,0.0817487,5425.81,0.131492,0.342049,171,26,27,25,0.701754,0,116,26,26,3,0,6,4,13,14,37,2,1,3,3,0,2,1,3,3,1,1,3,2,2,1,1,2,0,2,2,2,0,0,0,0,0,0,0,0,0,0,0,0,0.568695,0.472427,6
1lor_clean_P_1,100,50.5964,1,579.456,707.84,614.08,93.76,15.8695,0.423901,0.132459,2227.82,0.245578,0.666935,128,17,23,7,0.710938,0,88,22,17,1,0,3,4,10,12,29,2,1,0,2,0,0,1,1,5,1,2,1,2,1,0,3,2,0,0,2,3,0,0,0,0,0,0,0,0,0,0,0,0,0.512883,0.383356,1
2qbp_clean_P_1,43.5484,80.2027,1,284.16,330.72,291.68,39.04,11.1642,0.410586,0.118045,235.261,0.278705,0.576255,65,6,13,12,0.738462,0,47,11,6,1,0,2,2,8,4,16,1,1,0,1,0,1,2,1,2,0,1,0,1,0,1,0,1,1,0,1,1,0,0,0,0,0,0,0,0,0,0,0,0,0.380934,0.296857,6
3f3e_clean_P_8,100,74.7883,1,200.589,270.912,270.588,0.324446,9.37682,0.543322,0.0011976,143.63,0.276273,0.344532,76,16,13,18,0.671053,0,51,9,16,0,0,1,0,11,9,21,3,0,3,0,0,0,1,1,2,0,1,1,0,0,2,0,3,1,0,1,2,0,0,0,0,0,0,0,0,0,0,0,0,0.141074,0.400539,6
3i3b_clean_P_4,100,28.3709,1,558.112,703.928,656.464,47.4637,23.7483,0.694865,0.0674269,4114.72,0.105883,0.149701,173,33,32,48,0.653179,0,110,27,33,3,0,8,7,14,12,41,0,2,4,3,0,1,3,5,1,5,0,1,0,4,1,0,2,0,4,3,2,0,0,0,0,0,0,0,0,0,0,0,0,0.354979,0.306968,3
3uo4_clean_P_1,100,61.2366,1,623.104,663.2,564.48,98.72,17.4814,0.362366,0.148854,1289.74,0.107509,0.281154,91,14,14,4,0.703297,0,64,13,14,0,0,4,4,6,11,25,3,2,1,1,0,0,1,3,2,0,0,6,2,0,0,1,0,1,0,1,1,0,0,0,0,0,0,0,0,0,0,0,0,0.515001,0.723337,1
3zsx_clean_P_1,0,0,0,939.2,1162.56,934.24,228.32,27.3701,0.397888,0.196394,8333.34,0.0673428,0.212553,179,32,31,15,0.659218,0,116,30,32,1,0,4,7,17,12,40,1,1,4,3,0,1,3,1,3,4,4,1,2,1,1,1,4,1,0,1,3,0,0,0,0,0,0,0,0,0,0,0,0,0.551656,0.437584,7
2v7a_clean_P_2,74.6032,66.0436,1,534.144,511.68,435.52,76.16,12.6365,0.326144,0.148843,742.502,0.303915,0.880475,81,12,9,5,0.740741,0,60,9,12,0,0,3,2,6,11,22,2,1,2,1,0,0,0,2,4,0,1,2,1,2,2,0,0,0,0,0,2,0,0,0,0,0,0,0,0,0,0,0,0,0.562924,0.623186,1
3l4w_clean_P_4,100,48.7472,1,452.331,590.457,555.052,35.4051,18.8459,0.647901,0.0599622,2445.61,0.102678,0.202748,145,23,19,37,0.731034,0,102,18,23,2,0,7,5,7,17,36,1,4,0,7,0,0,0,0,1,1,3,1,0,2,3,2,2,1,3,3,2,0,0,0,0,0,0,0,0,0,0,0,0,0.499218,0.191582,3
2qbr_clean_P_1,65.9091,77.1343,1,298.368,358.24,308.96,49.28,12.7311,0.4142,0.137561,276.733,0.277068,0.580953,66,6,14,12,0.727273,0,47,12,6,1,0,2,2,7,4,15,1,1,0,1,0,1,2,1,2,0,1,0,1,0,1,0,1,0,0,1,1,0,0,0,0,0,0,0,0,0,0,0,0,0.359119,0.167924,6
3pxf_clean_P_1,64.7059,8.88254,0,1298.37,1410.56,1279.2,131.36,27.3905,0.394095,0.0931261,21224.4,0.0969396,0.517351,249,34,34,18,0.730924,0,180,35,34,0,0,5,9,7,30,51,3,1,2,3,0,0,2,2,2,3,4,12,5,0,3,2,0,0,0,1,6,0,0,0,0,0,0,0,0,0,0,0,0,0.921094,0.940977,1
2yfe_clean_P_1,100,26.4016,1,1562.82,1734.56,1622.4,112.16,26.0891,0.41525,0.0646619,36570.7,0.367867,0.723519,288,41,42,42,0.729167,0,205,38,41,4,0,5,10,14,33,62,2,2,0,1,0,1,2,4,3,3,9,8,5,3,5,1,4,1,0,3,5,0,0,0,0,0,0,0,0,0,0,0,0,1,0.991972,3
3ov1_clean_P_2,67.8571,37.8517,1,286.592,405.6,344,61.6,13.1575,0.480125,0.151874,595.926,0.189507,0.29604,86,16,20,2,0.616279,0,52,18,16,0,0,3,5,3,7,18,1,2,0,1,0,0,0,2,0,1,1,1,2,0,2,1,3,0,0,0,1,0,0,0,0,0,0,0,0,0,0,0,0,0.0454178,0.354512,6
3huc_clean_P_1,72.093,20.1707,0,1214.59,1474.4,1182.56,291.84,30.9477,0.389451,0.197938,29656.2,0.0829713,0.709063,228,41,37,21,0.671053,0,151,35,41,1,0,5,8,12,26,51,3,1,3,2,0,0,1,3,3,3,1,8,4,2,3,2,1,1,0,3,7,0,0,0,0,0,0,0,0,0,0,0,0,0.705418,0.706463,3
2wtv_clean_P_1,93.8775,41.6084,1,833.216,885.28,733.44,151.84,22.4071,0.352101,0.171516,2861.91,0.0669773,0.222537,134,23,17,10,0.708955,0,95,16,23,0,0,5,5,7,16,33,4,2,1,2,0,0,0,3,3,1,0,6,2,0,1,2,0,1,1,2,2,0,0,0,0,0,0,0,0,0,0,0,0,0.63945,0.755132,1
3f3c_clean_P_1,100,27.6774,1,638.419,806.71,761.524,45.1861,19.6743,0.480041,0.0560128,3844.83,0.0806786,0.254593,169,31,23,27,0.715976,0,120,18,31,0,0,2,1,13,23,39,4,1,3,1,0,0,1,1,3,0,4,5,0,0,4,2,3,1,1,2,3,0,0,0,0,0,0,0,0,0,0,0,0,0.575047,0.41222,1
2zxd_clean_P_1,100,24.7691,1,766.359,900.664,810.823,89.841,23.0863,0.440622,0.0997497,5332.63,0.116514,0.241988,161,22,26,58,0.720497,0,115,23,22,1,0,5,7,9,17,38,0,2,0,1,0,0,1,4,3,5,1,4,0,3,4,2,1,1,3,3,0,0,0,0,0,0,0,0,0,0,0,0,0,0.649466,0.605935,1
2vvn_clean_P_3,100,55.1904,1,449.151,564.12,511.793,52.3273,26.3313,0.588759,0.0927591,1290.74,0.0644481,0.07678,142,18,17,37,0.767606,0,106,16,18,2,0,3,3,11,15,32,1,1,2,3,0,1,1,0,1,1,5,1,1,1,1,1,0,1,3,5,2,0,0,0,0,0,0,0,0,0,0,0,0,0.590327,0.214388,3
3f3a_clean_P_1,100,31.8448,1,633.472,722.88,627.2,95.68,16.7093,0.39604,0.132359,1923.47,0.127961,0.285305,132,23,21,30,0.704545,0,93,16,23,0,0,2,1,13,16,32,5,1,2,1,0,0,1,1,4,0,2,2,0,0,4,0,3,1,1,2,2,0,0,0,0,0,0,0,0,0,0,0,0,0.527372,0.722338,1
2d3u_clean_P_5,68.2927,45.2752,1,355.371,425.777,331.646,94.1307,14.8264,0.398597,0.22108,496.326,0.100322,0.147251,76,12,12,14,0.710526,0,53,10,12,1,0,0,3,4,9,16,1,1,1,0,0,0,0,0,0,1,0,5,1,1,1,0,1,1,1,1,0,0,0,0,0,0,0,0,0,0,0,0,0,0.34433,0.543011,6
1h23_clean_P_1,89.0244,53.5611,1,840.404,935.397,857.338,78.0586,23.316,0.41225,0.0834497,4233.79,0.183867,0.383601,201,29,27,73,0.751244,0,150,22,29,0,0,2,2,21,17,42,1,1,1,1,0,0,1,1,9,1,3,2,0,0,5,1,5,0,4,5,1,0,0,0,0,0,0,0,0,0,0,0,0,0.773722,0.844306,1
2zwz_clean_P_1,100,48.7374,1,363.023,430.981,386.432,44.549,12.5039,0.439782,0.103366,433.316,0.169781,0.233428,73,7,10,44,0.794521,0,56,8,7,2,0,3,4,4,11,22,0,1,1,1,0,0,0,2,0,3,0,3,0,2,3,0,0,1,3,2,0,0,0,0,0,0,0,0,0,0,0,0,0,0.599367,0.889556,6
3su2_clean_P_2,50.5155,77.0986,1,367.488,437.12,342.56,94.56,13.2484,0.372867,0.216325,495.288,0.146746,0.309018,82,12,12,14,0.707317,0,58,12,12,0,0,0,3,6,7,16,2,1,0,0,0,0,1,0,2,1,1,1,1,0,2,0,1,2,0,0,1,0,0,0,0,0,0,0,0,0,0,0,0,0.345726,0.487135,3
3bfu_clean_P_1,100,31.8904,1,523.392,713.76,668.32,45.44,15.6869,0.510761,0.0636629,2916.25,0.294445,0.502564,145,27,30,11,0.675862,0,97,20,27,1,0,3,4,13,10,30,1,2,0,1,0,0,0,2,3,0,1,5,2,1,0,1,2,5,0,3,1,0,0,0,0,0,0,0,0,0,0,0,0,0.395546,0.306526,1
2p4y_clean_P_1,98.3871,30.5493,1,1846.72,2238.56,2075.04,163.52,32.1272,0.449454,0.073047,115934,0.232118,0.577398,410,55,51,62,0.753659,0,304,47,55,4,0,10,10,17,41,78,5,4,1,5,0,1,1,5,3,2,8,11,4,4,6,2,3,3,0,5,5,0,0,0,0,0,0,0,0,0,0,0,0,1,0.99989,1
1yc1_clean_P_1,100,45.7187,1,793.024,932.8,797.44,135.36,15.9047,0.402227,0.145111,5226.69,0.311507,0.814576,177,30,34,13,0.672316,0,118,28,30,1,0,4,4,18,15,41,2,0,3,3,0,0,0,1,7,1,4,3,3,1,1,0,3,4,0,1,4,0,0,0,0,0,0,0,0,0,0,0,0,0.524389,0.481923,1
2j78_clean_P_1,100,22.4644,1,737.024,810.88,689.92,120.96,18.8892,0.374436,0.149171,3690.31,0.180579,0.420306,165,25,26,58,0.70303,0,115,24,25,1,0,5,5,15,15,40,2,1,7,1,0,0,1,4,2,3,0,1,1,1,4,0,2,0,5,3,2,0,0,0,0,0,0,0,0,0,0,0,0,0.577619,0.643801,1
2x8z_clean_P_1,100,9.23511,1,2474.98,2911.82,2561.7,350.113,38.7277,0.449909,0.120239,64918.5,0.0585016,0.345558,476,91,84,77,0.665966,0,315,68,91,2,0,14,17,36,32,99,7,5,3,8,0,3,7,6,3,4,1,8,8,1,6,2,8,5,3,7,4,0,0,0,0,0,0,0,0,0,0,0,0,1,0.999983,1
3gbb_clean_P_1,100,21.2951,1,1150.46,1396.96,1237.76,159.2,23.6271,0.430352,0.113962,16264.8,0.206863,0.652219,227,41,38,18,0.69163,0,155,29,41,2,0,6,5,17,19,47,1,3,2,3,0,0,1,3,2,0,2,7,2,3,0,1,3,4,0,5,5,0,0,0,0,0,0,0,0,0,0,0,0,0.749401,0.747744,6
2vw5_clean_P_1,91.0256,50.913,1,827.136,985.6,818.88,166.72,19.5673,0.396007,0.169156,6300.38,0.195524,0.388413,175,27,30,11,0.691429,0,120,27,27,1,0,4,3,13,19,39,3,1,3,2,0,0,0,2,6,0,8,4,2,1,1,0,0,3,0,1,2,0,0,0,0,0,0,0,0,0,0,0,0,0.589268,0.655744,1
3ge7_clean_P_1,100,48.6741,1,721.6,867.68,788.8,78.88,18.9019,0.437251,0.0909091,3013.11,0.0874868,0.267104,158,29,33,6,0.64557,0,99,27,29,3,0,3,3,21,10,37,1,2,1,3,0,2,2,0,7,0,1,2,1,1,0,0,1,5,0,3,5,0,0,0,0,0,0,0,0,0,0,0,0,0.423992,0.516623,1
1r5y_clean_P_1,100,27.9506,1,606.784,759.84,699.84,60,21.6185,0.461344,0.078964,1913.35,0.0699055,0.175315,138,27,27,7,0.644928,0,87,22,27,2,0,3,3,18,11,35,2,2,1,3,0,2,2,0,7,0,1,2,1,1,0,0,1,3,0,2,5,0,0,0,0,0,0,0,0,0,0,0,0,0.359753,0.304826,4
4de2_clean_P_1,0,0,0,462.784,567.04,434.88,132.16,17.6862,0.375882,0.23307,1219.76,0.0678473,0.235937,105,29,23,6,0.590476,0,62,14,29,0,0,3,3,19,2,27,0,1,4,2,0,0,0,1,2,0,0,1,2,0,0,1,5,6,0,2,0,0,0,0,0,0,0,0,0,0,0,0,0,0.0936363,0.367723,1
3udh_clean_P_1,100,17.6515,0,1111.3,1440.16,1246.88,193.28,32.3234,0.448802,0.134207,43917.7,0.130655,0.186105,255,51,39,34,0.690196,0,174,29,51,1,0,3,8,29,21,61,2,2,0,2,0,2,5,1,8,2,3,6,4,0,1,2,6,4,2,4,5,0,0,0,0,0,0,0,0,0,0,0,0,0.724958,0.628335,1
3g2z_clean_P_2,81.8182,27.5846,1,419.712,512.32,388,124.32,17.9287,0.369777,0.242661,1012.6,0.0798382,0.19212,95,25,21,6,0.6,0,57,13,25,0,0,2,3,19,2,26,0,1,4,1,0,1,0,1,2,0,0,1,2,0,0,1,5,5,0,2,0,0,0,0,0,0,0,0,0,0,0,0,0,0.0879977,0.341379,1
3ebp_clean_P_5,50,56.8924,1,287.511,373.602,341.761,31.8411,12.5238,0.577291,0.0852273,448.912,0.19425,0.26288,97,12,15,24,0.731959,0,71,14,12,0,0,3,4,4,9,20,4,2,2,1,0,0,0,2,0,1,1,1,1,0,2,1,0,0,0,2,0,0,0,0,0,0,0,0,0,0,0,0,0,0.372106,0.440819,6
2gss_clean_P_1,93.5484,21.364,1,757.312,1020.8,819.84,200.96,24.8193,0.433026,0.196865,20124.2,0.187309,0.899735,181,28,26,25,0.723757,0,130,23,28,0,0,4,4,9,18,35,1,4,1,1,0,1,0,3,2,0,4,2,0,1,2,1,0,1,0,4,7,0,0,0,0,0,0,0,0,0,0,0,0,0.63598,0.245306,2
2xhm_clean_P_1,52.1127,9.89549,0,1903.26,2392.25,2136.81,255.438,39.9676,0.492951,0.106777,115646,0.100727,0.409189,443,87,79,68,0.6614,0,292,63,87,1,0,12,15,31,39,97,6,5,3,6,0,0,5,6,2,5,5,10,5,2,4,3,9,4,3,8,6,0,0,0,0,0,0,0,0,0,0,0,0,0.950215,0.998893,1
3mss_clean_P_1,98.5294,43.6132,1,1187.46,1356.48,1183.84,172.64,28.1397,0.398782,0.127271,29337.6,0.165888,0.605706,231,34,28,30,0.74026,0,169,27,34,1,0,4,7,10,25,46,2,1,1,1,0,0,2,3,4,2,4,7,4,2,3,1,0,2,1,1,5,0,0,0,0,0,0,0,0,0,0,0,0,0.894614,0.926678,1
1u33_clean_P_1,85.7143,49.0318,1,621.688,646.891,477.655,169.236,20.8085,0.314817,0.261614,1796.96,0.0922823,0.196331,107,19,18,31,0.672897,0,72,16,19,0,0,5,6,7,9,27,2,1,0,3,0,0,1,2,2,4,1,3,1,0,0,0,1,1,2,2,1,0,0,0,0,0,0,0,0,0,0,0,0,0.411294,0.427472,1
1sln_clean_P_1,77.4648,38.2149,1,868.352,950.56,727.36,223.2,28.1425,0.335053,0.234809,6239.12,0.0501006,0.155154,158,25,25,30,0.689873,0,108,28,22,0,0,3,7,7,17,34,4,2,1,1,0,0,0,2,0,5,0,6,0,1,3,1,1,2,0,3,2,0,0,0,0,0,0,0,0,0,0,0,0,0.593693,0.602352,1
3f17_clean_P_1,100,45.665,1,663.616,721.28,591.36,129.92,23.1517,0.356447,0.180124,2072.97,0.0894189,0.145819,112,18,16,19,0.705357,0,79,15,18,0,0,1,7,7,12,27,2,1,1,0,0,0,0,1,1,4,1,3,2,0,2,2,1,3,0,1,2,0,0,0,0,0,0,0,0,0,0,0,0,0.538093,0.600366,1
2x00_clean_P_3,45.2381,36.4503,1,288.832,420,369.44,50.56,13.9599,0.511633,0.120381,588.83,0.171952,0.391854,87,14,12,19,0.735632,0,64,9,14,0,0,2,1,9,8,20,0,0,0,2,0,0,1,0,2,0,3,1,1,0,1,1,2,0,1,4,1,0,0,0,0,0,0,0,0,0,0,0,0,0.376838,0.249854,1
2brb_clean_P_1,97.619,36.846,1,785.28,985.92,883.04,102.88,21.249,0.449796,0.104349,6221.26,0.148808,0.44815,198,35,30,17,0.686869,0,135,27,35,1,0,6,4,13,18,41,2,0,3,1,0,1,1,5,4,2,4,5,2,0,2,0,2,0,0,2,5,0,0,0,0,0,0,0,0,0,0,0,0,0.56725,0.5,1
3ao4_clean_P_1,51.8519,9.32483,0,621.824,995.68,840.32,155.36,35.0953,0.540552,0.156034,24020.2,0.0504768,0.153838,204,36,26,27,0.710784,0,144,23,36,1,0,4,6,13,24,47,8,2,1,0,0,1,4,4,1,2,2,4,2,0,3,0,1,3,2,2,5,0,0,0,0,0,0,0,0,0,0,0,0,0.533271,0.178016,1
4de1_clean_P_1,100,55.3094,1,459.264,565.28,427.2,138.08,17.3113,0.372074,0.244268,1250.63,0.0782186,0.232393,103,26,23,6,0.592233,0,61,16,26,0,0,3,3,19,2,27,0,1,4,2,0,0,0,1,2,0,0,1,2,0,0,1,5,6,0,2,0,0,0,0,0,0,0,0,0,0,0,0,0,0.0939985,0.363771,1
4gid_clean_P_1,100,41.6234,1,1602.94,2081.6,1910.72,170.88,34.3674,0.476803,0.0820907,60417.8,0.125607,0.167908,373,64,62,31,0.69437,0,253,53,64,3,0,4,8,37,31,80,4,4,2,2,0,2,4,2,12,1,4,6,3,1,2,3,6,5,2,6,9,0,0,0,0,0,0,0,0,0,0,0,0,0.940034,0.954437,6
3d4z_clean_P_13,100,77.8374,1,193.439,226.984,188.033,38.9517,9.97401,0.514571,0.171605,105.319,0.322272,0.690128,56,13,9,28,0.660714,0,37,6,13,0,0,4,4,3,3,14,0,2,0,4,0,0,0,0,0,2,0,0,0,0,1,0,0,1,2,2,0,0,0,0,0,0,0,0,0,0,0,0,0,0.0747963,0.115963,1
2zcr_clean_P_1,90.9091,34.3359,1,1049.02,1275.36,1204.16,71.2,25.4904,0.459154,0.0558274,19354.5,0.207366,0.561682,236,36,36,34,0.724576,0,170,29,36,1,0,3,7,13,29,52,5,4,1,2,0,1,1,1,2,1,6,5,2,1,5,0,3,3,0,2,7,0,0,0,0,0,0,0,0,0,0,0,0,0.804941,0.864598,1
3imc_clean_P_1,100,30.0853,1,607.552,690.88,637.76,53.12,19.02,0.419888,0.0768874,1728.5,0.088262,0.116149,155,21,26,20,0.709677,0,107,25,21,2,0,2,3,9,22,36,2,0,1,1,0,0,2,1,2,2,1,2,1,3,4,3,2,2,0,0,7,0,0,0,0,0,0,0,0,0,0,0,0,0.536247,0.594714,3
10gs_clean_P_1,43.3333,17.4501,1,657.6,896.8,755.36,141.44,21.4177,0.459465,0.157716,12171.1,0.152769,0.431094,144,20,28,15,0.701389,0,101,23,20,0,0,2,3,12,14,31,2,3,3,1,0,1,0,1,2,0,4,3,0,0,1,1,1,1,0,4,3,0,0,0,0,0,0,0,0,0,0,0,0,0.527989,0.334493,2
1gpk_clean_P_1,100,35.4598,1,867.776,982.56,914.4,68.16,19.956,0.421491,0.0693698,4618.72,0.254519,0.407624,194,28,26,74,0.752577,0,145,21,28,0,0,2,2,20,18,42,1,1,1,1,0,0,1,1,7,1,3,2,0,0,5,1,5,0,5,6,1,0,0,0,0,0,0,0,0,0,0,0,0,0.793469,0.89018,3
1ps3_clean_P_16,100,91.182,1,159.036,193.248,164.556,28.6919,8.7952,0.54878,0.148472,64.3781,0.333369,0.60848,50,11,9,25,0.66,0,33,6,11,0,0,4,4,3,3,14,0,2,0,4,0,0,0,0,0,2,0,0,0,0,1,0,0,1,2,2,0,0,0,0,0,0,0,0,0,0,0,0,0,0.0394242,0.285953,1
3pe2_clean_P_1,84.2105,53.0284,1,461.76,531.52,440.64,90.88,19.2125,0.381705,0.170981,812.662,0.100116,0.283833,89,10,11,15,0.764045,0,67,11,10,1,0,3,5,3,11,22,0,2,3,1,0,0,0,2,0,2,2,3,1,1,1,0,0,0,1,0,3,0,0,0,0,0,0,0,0,0,0,0,0,0.575076,0.60239,3
3acw_clean_P_1,100,21.1948,1,1615.49,1907.2,1636.16,271.04,32.4888,0.405118,0.142114,97927,0.135044,0.377848,324,55,48,48,0.709877,0,228,39,55,2,0,7,10,20,32,69,5,5,2,6,0,1,2,1,5,2,6,5,3,1,7,0,3,3,0,4,8,0,0,0,0,0,0,0,0,0,0,0,0,0.975773,0.970116,1
3fcq_clean_P_1,100,37.9622,1,559.04,632.16,518.4,113.76,18.8552,0.370922,0.179954,1749.54,0.0767344,0.294788,122,24,21,28,0.647541,0,79,19,24,0,0,5,4,9,10,28,1,1,3,3,0,0,0,2,3,3,1,3,0,0,2,0,1,1,1,1,2,0,0,0,0,0,0,0,0,0,0,0,0,0.319884,0.388219,2
3cyx_clean_P_1,0,0,0,681.664,740,595.04,144.96,17.2186,0.349169,0.195892,3340.66,0.374851,0.806445,101,15,14,5,0.722772,0,72,14,15,0,0,1,2,6,11,20,2,1,1,1,0,0,1,0,1,1,3,4,0,0,0,2,0,3,0,0,0,0,0,0,0,0,0,0,0,0,0,0,0,0.592577,0.561862,1
2cet_clean_P_1,100,37.8522,1,724.672,798.56,678.08,120.48,20.2899,0.374282,0.150872,3681.86,0.172656,0.373665,168,27,29,58,0.684524,0,115,26,27,0,0,5,5,17,16,43,2,1,7,1,0,0,1,4,3,3,0,1,1,2,4,0,2,0,5,4,2,0,0,0,0,0,0,0,0,0,0,0,0,0.520478,0.553175,3
3k5v_clean_P_1,97.0588,43.0639,1,1202.75,1351.04,1172,179.04,26.2937,0.389773,0.13252,21068.5,0.153985,0.850767,220,30,28,29,0.745455,0,162,26,30,2,0,6,4,11,25,46,2,0,1,1,0,0,1,5,4,2,4,7,2,3,4,0,0,2,0,3,5,0,0,0,0,0,0,0,0,0,0,0,0,0.914173,0.938999,1
2v00_clean_P_1,100,23.5695,1,1033.47,1165.44,968.64,196.8,23.0096,0.374907,0.168863,14340.9,0.335579,0.509591,209,44,33,37,0.688995,0,144,21,44,0,0,10,0,21,18,49,1,0,0,10,0,0,1,0,4,0,8,4,0,0,4,0,5,7,1,4,0,0,0,0,0,0,0,0,0,0,0,0,0,0.680962,0.605914,1
1os0_clean_P_1,77.2727,50.2536,1,605.568,681.44,568.8,112.64,20.2069,0.375713,0.165297,1981.25,0.0695674,0.22975,123,25,20,28,0.650407,0,80,18,25,0,0,5,4,8,10,27,1,1,3,3,0,0,0,2,2,3,1,3,0,0,2,0,1,1,1,1,2,0,0,0,0,0,0,0,0,0,0,0,0,0.358275,0.440488,2
1z95_clean_P_1,100,62.2969,1,685.44,793.76,790.88,2.88,16.8997,0.461531,0.0036283,2811.15,0.245348,0.43601,158,19,16,17,0.78481,0,117,15,19,7,0,0,2,9,22,33,0,1,1,0,0,1,3,0,1,1,3,7,0,6,4,0,1,1,0,1,2,0,0,0,0,0,0,0,0,0,0,0,0,0.79778,0.926421,1
3bkk_clean_P_1,93.9394,20.881,1,1967.13,2233.15,1840.8,392.35,41.5273,0.412315,0.175693,62926.6,0.0475394,0.176094,382,69,65,69,0.683246,0,258,53,69,2,0,9,15,34,32,90,4,2,8,4,0,3,3,5,1,8,0,10,5,4,4,3,7,7,2,5,5,0,0,0,0,0,0,0,0,0,0,0,0,1,0.99555,1
3mfv_clean_P_1,100,49.4825,1,414.272,556,513.92,42.08,14.3555,0.496215,0.0756835,1046.59,0.171784,0.253191,118,27,29,12,0.567797,0,67,24,27,0,0,8,4,13,3,28,0,1,3,6,0,0,2,2,2,3,0,1,0,0,0,0,1,5,0,0,2,0,0,0,0,0,0,0,0,0,0,0,0,0.02699,0.676759,6
2zjw_clean_P_1,100,31.7894,1,747.52,869.44,726.24,143.2,26.4636,0.388613,0.164704,3788.1,0.0706699,0.178115,148,17,24,20,0.736486,0,108,22,17,1,0,4,7,6,15,32,0,1,2,1,0,0,0,3,2,2,3,5,4,1,1,0,1,0,1,1,4,0,0,0,0,0,0,0,0,0,0,0,0,0.67116,0.680057,1
3dd0_clean_P_1,73.0769,44.8159,1,359.872,451.52,409.92,41.6,13.891,0.455629,0.0921332,504.638,0.180203,0.472064,102,15,22,27,0.666667,0,68,19,15,0,0,1,4,8,11,24,1,0,3,0,0,0,1,1,0,4,0,2,0,0,3,0,1,2,2,1,3,0,0,0,0,0,0,0,0,0,0,0,0,0.252129,0.288613,1
3n86_clean_P_1,100,54.6253,1,583.232,746.72,659.52,87.2,25.7682,0.452321,0.116777,1896.11,0.0428353,0.0858906,141,25,28,18,0.659574,0,92,24,25,0,0,2,9,12,10,33,1,5,2,0,0,0,0,2,5,4,1,2,0,0,0,2,3,1,0,1,4,0,0,0,0,0,0,0,0,0,0,0,0,0.378645,0.265455,3
3ehy_clean_P_1,100,40.3396,1,595.584,677.92,577.92,100,22.3929,0.388137,0.14751,1919.03,0.102824,0.118377,120,18,21,21,0.691667,0,83,19,18,0,0,2,7,7,14,30,3,1,0,1,0,0,0,1,1,4,1,3,2,0,2,2,1,3,0,2,3,0,0,0,0,0,0,0,0,0,0,0,0,0.467525,0.468243,1
3e93_clean_P_1,97.1014,42.1372,1,1182.27,1402.4,1254.56,147.84,27.4838,0.424457,0.105419,16247.6,0.163721,0.49996,229,35,29,22,0.737991,0,167,26,35,1,0,3,8,11,30,52,1,4,0,1,0,0,1,2,3,3,5,9,1,2,4,1,1,3,0,3,8,0,0,0,0,0,0,0,0,0,0,0,0,0.890231,0.917848,3
1loq_clean_P_1,100,49.4122,1,555.264,701.6,606.72,94.88,12.7687,0.437068,0.135234,2136.41,0.236394,0.632218,128,18,22,7,0.710938,0,88,21,18,1,0,3,4,10,13,30,2,1,0,2,0,0,1,1,5,1,3,1,2,1,0,3,2,0,0,2,3,0,0,0,0,0,0,0,0,0,0,0,0,0.497653,0.560462,1
3f80_clean_P_1,0,0,0,379.136,529.44,492,37.44,15.3154,0.519075,0.0707162,1007.07,0.129937,0.198052,126,31,30,12,0.555556,0,70,25,31,0,0,9,4,13,4,30,0,1,3,7,0,0,2,2,3,3,0,1,0,0,0,0,1,4,0,0,3,0,0,0,0,0,0,0,0,0,0,0,0,0,0.650771,1
1u1b_clean_P_1,53.75,64.6475,1,393.024,482.24,329.12,153.12,17.5727,0.334962,0.317518,652.178,0.0896456,0.158471,79,13,18,12,0.632911,0,50,16,13,0,0,2,6,4,6,18,2,1,1,2,0,0,1,0,0,2,0,0,3,0,2,0,1,1,0,0,2,0,0,0,0,0,0,0,0,0,0,0,0,0.144538,0.216318,1
3nw9_clean_P_1,96.7742,63.5947,1,643.072,814.72,754.4,60.32,20.5874,0.469248,0.0740377,4240.45,0.161826,0.336831,160,24,28,25,0.6875,0,106,27,24,3,0,6,3,13,13,35,2,1,3,3,0,1,1,3,3,1,0,2,1,3,1,1,2,0,2,3,2,0,0,0,0,0,0,0,0,0,0,0,0,0.497194,0.369257,1
3ivg_clean_P_1,100,33.6867,1,1267.97,1482.08,1371.04,111.04,19.2707,0.432516,0.0749217,18483.1,0.231205,0.452713,285,39,57,29,0.684211,0,193,52,39,1,0,4,7,18,32,61,4,3,3,2,0,0,3,2,4,3,1,8,1,3,5,3,4,2,0,2,8,0,0,0,0,0,0,0,0,0,0,0,0,0.78535,0.758466,1
3n7a_clean_P_1,100,29.4498,1,594.368,738.72,646.08,92.64,25.6406,0.434801,0.125406,1851.07,0.0488457,0.0979221,130,19,31,20,0.653846,0,85,26,19,0,0,1,10,10,8,29,0,6,2,0,0,0,0,1,3,4,1,2,0,0,0,1,3,1,0,1,4,0,0,0,0,0,0,0,0,0,0,0,0,0.368196,0.306176,3
1nvq_clean_P_1,100,71.4201,1,644.928,670.4,574.72,95.68,18.4608,0.356455,0.142721,1444.29,0.158429,0.413679,107,17,15,11,0.728972,0,77,12,17,1,0,5,1,9,10,25,1,0,2,1,0,1,0,4,3,0,1,4,1,0,1,0,1,0,0,2,3,0,0,0,0,0,0,0,0,0,0,0,0,0.598336,0.71189,1
2obf_clean_P_1,100,29.2296,1,1211.26,1543.52,1520.96,22.56,29.7429,0.502272,0.0146159,19787.7,0.0969345,0.251571,306,51,43,59,0.722222,0,218,35,51,2,0,6,2,23,35,66,6,1,3,4,0,1,3,2,6,1,3,7,0,1,5,2,2,2,1,6,10,0,0,0,0,0,0,0,0,0,0,0,0,0.876037,0.691592,2
3g0w_clean_P_1,100,33.6923,1,1057.86,1308.96,1207.84,101.12,30.602,0.456712,0.0772522,13728.5,0.0948604,0.153934,238,32,27,44,0.768908,0,174,25,32,7,0,2,4,11,34,51,2,1,2,0,0,1,2,2,2,2,1,7,1,7,5,3,1,2,3,1,6,0,0,0,0,0,0,0,0,0,0,0,0,0.92528,0.84811,6
1n2v_clean_P_1,100,32.9909,1,616.704,743.68,688.16,55.52,20.7307,0.446347,0.0746558,3781.88,0.147691,0.216537,145,23,24,14,0.696552,0,97,21,23,4,0,4,2,17,16,39,2,2,1,3,0,2,3,1,6,0,1,3,0,3,1,0,2,1,1,2,5,0,0,0,0,0,0,0,0,0,0,0,0,0.506404,0.430112,3
3vh9_clean_P_1,100,49.4974,1,312,392.32,342.88,49.44,13.2061,0.43959,0.12602,434.96,0.22588,0.300584,78,17,9,26,0.705128,0,51,6,17,4,0,4,2,6,7,19,1,0,0,2,0,2,0,2,1,2,1,1,0,2,2,0,1,0,0,2,0,0,0,0,0,0,0,0,0,0,0,0,0,0.312445,0.422242,2
1lbk_clean_P_1,94.5946,17.025,0,1193.54,1627.36,1413.76,213.6,29.5161,0.473806,0.131256,60712.1,0.333991,0.592973,296,48,44,39,0.706081,0,205,41,48,2,0,7,4,15,25,51,2,4,3,2,0,1,2,5,2,0,3,7,0,2,2,2,1,0,1,6,6,0,0,0,0,0,0,0,0,0,0,0,0,0.803721,0.878302,1
3ag9_clean_P_4,24.0876,43.2421,1,292.16,373.28,304,69.28,10.8,0.41621,0.185598,326.037,0.181384,0.259979,77,14,13,11,0.675325,0,52,11,14,0,0,2,3,8,5,18,0,1,0,1,0,0,1,1,4,1,0,1,1,0,2,0,1,2,0,0,2,0,0,0,0,0,0,0,0,0,0,0,0,0.204251,0.535346,1
4g8m_clean_P_1,100,18.8686,1,866.624,1078.72,950.56,128.16,23.3067,0.438742,0.118807,7224.14,0.114055,0.353062,180,32,35,18,0.688889,0,123,24,32,1,0,4,7,18,15,44,2,4,1,2,0,0,0,2,4,0,3,5,3,2,0,2,3,5,0,5,1,0,0,0,0,0,0,0,0,0,0,0,0,0.611167,0.543085,3
2g70_clean_P_1,100,21.4802,1,1044.61,1327.2,1303.84,23.36,29.6675,0.499265,0.017601,13728.9,0.117199,0.206848,284,48,45,47,0.704225,0,196,38,48,2,0,7,3,23,27,60,5,1,3,4,0,1,3,3,6,1,2,3,1,1,3,2,2,2,0,6,11,0,0,0,0,0,0,0,0,0,0,0,0,0.754669,0.450687,1
3su5_clean_P_3,41.6667,75.6602,1,358.656,408.16,320.32,87.84,11.4123,0.357245,0.21521,411.51,0.169815,0.305025,73,9,11,15,0.726027,0,53,11,9,0,0,0,3,5,8,16,3,1,0,0,0,0,1,0,2,1,1,1,1,0,2,0,1,1,0,0,1,0,0,0,0,0,0,0,0,0,0,0,0,0.389968,0.725498,6
2vo5_clean_P_2,97.561,38.8864,1,625,772.072,721.163,50.9088,20.7988,0.602045,0.0659379,10130.4,0.132162,0.40923,191,32,33,65,0.685864,0,127,30,32,2,0,6,3,13,17,39,1,0,4,3,0,1,1,3,0,2,1,3,1,1,0,2,3,0,9,4,0,0,0,0,0,0,0,0,0,0,0,0,0,0.483814,0.253677,3
3s8o_clean_P_1,64.2857,33.2525,1,316.8,456.64,391.84,64.8,17.3851,0.494747,0.141906,1358.91,0.115405,0.292027,94,16,20,9,0.648936,0,60,18,16,0,0,3,5,5,8,21,1,3,0,1,0,0,0,2,1,1,1,2,1,0,2,1,3,0,0,1,1,0,0,0,0,0,0,0,0,0,0,0,0,0.161046,0.131405,1
3b68_clean_P_1,100,66.6958,1,658.752,779.68,778.4,1.28,17.2186,0.472651,0.0016417,2630.63,0.159093,0.344183,161,18,18,28,0.782609,0,119,17,18,7,0,0,2,8,23,33,0,1,1,0,0,1,3,0,1,1,3,6,0,6,4,0,0,1,1,1,3,0,0,0,0,0,0,0,0,0,0,0,0,0.777239,0.873629,3
3pww_clean_P_1,90.9091,69.5822,1,735.36,774.08,586.08,188,20.5757,0.318799,0.242869,2753.04,0.0735229,0.28382,109,22,12,19,0.724771,0,79,8,22,0,0,6,0,12,13,31,1,0,0,6,0,0,0,0,4,0,6,2,0,0,3,0,5,2,1,1,0,0,0,0,0,0,0,0,0,0,0,0,0,0.618752,0.683313,1
2xy9_clean_P_1,77.5281,21.4199,1,1978.33,2269.19,1814.33,454.864,48.8714,0.39959,0.200452,89851.2,0.0393573,0.165345,354,69,58,49,0.680791,0,237,45,69,3,0,9,10,32,27,78,4,0,8,3,0,2,3,6,1,4,0,9,6,4,3,1,5,8,2,5,4,0,0,0,0,0,0,0,0,0,0,0,0,1,0.999533,1
3zso_clean_P_1,0,0,0,871.616,1092.64,863.52,229.12,25.6811,0.396285,0.209694,8030.13,0.0714498,0.228305,166,31,28,12,0.656627,0,107,27,31,1,0,5,7,17,10,39,1,1,4,3,0,1,3,2,3,4,2,1,2,1,1,1,4,1,0,1,3,0,0,0,0,0,0,0,0,0,0,0,0,0.509644,0.420584,7
2fvd_clean_P_1,98.0392,26.9908,0,1163.78,1472,1234.72,237.28,29.7993,0.424384,0.161196,21989.8,0.0803162,0.437447,232,34,27,29,0.737069,0,171,27,34,0,0,5,9,5,29,48,3,2,1,2,0,0,1,3,2,3,4,12,4,0,4,1,0,0,0,1,5,0,0,0,0,0,0,0,0,0,0,0,0,0.869802,0.896962,1
1kel_clean_P_3,93.0233,62.4956,1,386.045,504.148,446.983,57.1645,14.6228,0.472682,0.113388,1081.84,0.224495,0.527542,110,14,18,38,0.727273,0,79,16,14,1,0,2,5,11,8,26,1,2,1,0,0,0,1,2,2,1,0,1,2,1,3,0,2,1,2,4,0,0,0,0,0,0,0,0,0,0,0,0,0,0.43236,0.259015,6
3uex_clean_P_1,100,49.1185,1,747.776,894.88,787.36,107.52,22.5779,0.421174,0.12015,4258.85,0.109437,0.314821,129,12,13,12,0.813953,0,104,12,12,1,0,1,4,4,25,34,2,0,2,0,0,0,0,1,0,0,4,10,4,1,2,1,1,0,0,1,5,0,0,0,0,0,0,0,0,0,0,0,0,0.889528,0.958064,6
2zcq_clean_P_1,100,23.9443,1,1456.45,1768.64,1621.28,147.36,25.7775,0.44527,0.0833183,45946.9,0.212714,0.477784,331,53,47,47,0.722054,0,237,39,53,2,0,5,8,16,34,63,4,5,2,5,0,1,1,0,3,1,9,5,2,1,7,0,3,2,0,4,8,0,0,0,0,0,0,0,0,0,0,0,0,0.960593,0.949022,6
2yge_clean_P_1,82.5,58.904,1,683.2,837.6,668.48,169.12,17.7313,0.391382,0.20191,4719.91,0.311715,0.397625,154,26,21,12,0.714286,0,109,18,26,1,0,4,2,12,16,34,3,2,3,2,0,0,0,2,6,0,4,5,0,1,1,0,0,2,0,1,2,0,0,0,0,0,0,0,0,0,0,0,0,0.569316,0.607042,1
3su3_clean_P_3,41.6667,75.9629,1,352.256,402.56,312.8,89.76,11.3561,0.355196,0.222973,402.825,0.155819,0.293722,73,9,12,14,0.712329,0,52,12,9,0,0,0,3,5,8,16,3,1,0,0,0,0,1,0,2,1,1,1,1,0,2,0,1,1,0,0,1,0,0,0,0,0,0,0,0,0,0,0,0,0.346476,0.692706,1
1sqa_clean_P_2,53.8462,48.991,1,332.992,472,439.2,32.8,17.1441,0.52758,0.0694915,595.782,0.0908272,0.201913,124,24,27,11,0.620968,0,75,24,24,1,0,3,4,13,11,31,3,1,0,3,0,2,1,0,4,1,1,1,2,0,0,1,3,1,2,2,3,0,0,0,0,0,0,0,0,0,0,0,0,0.111302,0.171066,6
2d1o_clean_P_1,88,57.5469,1,758.144,809.76,617.92,191.84,24.5699,0.326017,0.23691,3884.28,0.0913828,0.197142,130,20,21,27,0.707692,0,92,18,20,0,0,3,6,8,14,31,3,1,1,1,0,0,0,2,0,5,0,5,0,0,3,1,1,4,0,2,2,0,0,0,0,0,0,0,0,0,0,0,0,0.585587,0.616764,1
2vot_clean_P_7,95.1219,72.8483,1,349.263,364.986,306.068,58.9174,13.6204,0.481693,0.161424,378.295,0.22679,0.297976,76,12,11,51,0.710526,0,53,10,12,1,0,4,1,5,8,18,0,0,2,1,0,1,1,3,0,1,0,0,0,0,0,0,0,0,8,1,0,0,0,0,0,0,0,0,0,0,0,0,0,0.350409,0.562464,3
2weg_clean_P_1,100,43.3141,1,354.176,420.96,372,48.96,11.7235,0.42013,0.116306,408.226,0.198894,0.410861,90,15,17,24,0.677778,0,61,14,15,0,0,1,4,8,11,24,1,0,3,0,0,0,1,1,0,4,0,2,0,0,3,0,1,2,2,1,3,0,0,0,0,0,0,0,0,0,0,0,0,0.273527,0.544005,1
2xnb_clean_P_1,93.8775,46.7849,1,750.464,838.88,761.44,77.44,24.2586,0.40585,0.0923136,2933.9,0.0728091,0.242744,150,22,19,16,0.726667,0,109,19,22,0,0,4,5,7,17,33,2,0,2,2,0,0,2,2,3,1,2,8,4,0,3,0,0,0,0,0,2,0,0,0,0,0,0,0,0,0,0,0,0,0.659181,0.676664,3
3b3s_clean_P_1,100,48.195,1,338.624,417.92,373.76,44.16,15.8795,0.441504,0.105666,406.2,0.175497,0.208362,91,19,11,26,0.692308,0,60,9,19,3,0,6,2,6,8,22,2,0,0,3,0,2,0,3,1,2,1,1,0,1,2,0,1,0,0,2,1,0,0,0,0,0,0,0,0,0,0,0,0,0.302756,0.349675,3
3cj2_clean_P_5,56.7568,45.7157,1,274.75,341.14,264.53,76.6097,13.69,0.394204,0.22457,268.472,0.110679,0.246909,69,9,15,13,0.681159,0,46,13,9,1,0,0,4,4,5,13,0,2,1,0,0,0,0,0,0,1,0,2,1,1,1,0,1,1,1,1,0,0,0,0,0,0,0,0,0,0,0,0,0,0.19803,0.29928,3
3fk1_clean_P_1,100,22.2222,1,986.112,1392.8,1305.76,87.04,28.2531,0.52966,0.0624928,17769,0.13018,0.373063,265,46,63,23,0.630189,0,164,55,46,0,0,6,12,23,19,60,3,5,5,5,0,0,2,1,3,3,6,1,4,1,1,3,8,2,1,3,3,0,0,0,0,0,0,0,0,0,0,0,0,0.519061,0.338464,3
4tmn_clean_P_1,97.1429,63.8987,1,614.272,781.12,672.48,108.64,26.2572,0.437904,0.139082,3221.69,0.0667713,0.217368,151,30,28,30,0.622517,0,94,27,30,0,0,8,5,11,11,35,1,1,3,4,0,0,0,4,5,3,2,3,1,0,2,0,1,1,1,1,2,0,0,0,0,0,0,0,0,0,0,0,0,0.292464,0.204923,1
4djr_clean_P_2,100,29.4014,1,363.52,409.28,290.56,118.72,13.7637,0.319718,0.29007,413.374,0.139666,0.273055,60,10,9,0,0.7,0,42,8,10,0,0,3,0,4,9,16,1,0,0,3,0,0,0,0,3,0,4,1,0,0,1,1,0,1,0,0,1,0,0,0,0,0,0,0,0,0,0,0,0,0.309517,0.52772,2
1p1q_clean_P_1,100,15.3864,1,1133.89,1464,1207.04,256.96,27.3086,0.425806,0.175519,21128.8,0.128371,0.496937,217,42,45,19,0.658986,0,142,32,42,1,0,6,8,17,17,48,2,5,1,3,0,0,0,3,3,0,3,4,3,1,1,1,2,8,2,3,3,0,0,0,0,0,0,0,0,0,0,0,0,0.642585,0.5,1
2xdl_clean_P_1,100,53.6716,1,536,600.96,530.24,70.72,17.8258,0.395701,0.117678,1246.95,0.200014,0.323729,115,21,15,8,0.713043,0,81,12,21,1,0,3,3,11,11,28,1,0,2,3,0,0,0,0,4,1,2,3,2,1,1,0,1,4,0,0,3,0,0,0,0,0,0,0,0,0,0,0,0,0.494586,0.562572,1
4gqq_clean_P_8,62.069,53.357,1,168.778,260.081,216.022,44.0592,13.5208,0.518957,0.169406,188.962,0.152092,0.365345,63,11,10,5,0.698413,0,44,8,11,0,0,2,2,5,9,18,0,0,0,1,0,0,0,1,2,0,1,1,2,0,3,1,2,1,0,0,3,0,0,0,0,0,0,0,0,0,0,0,0,0.150884,0.124144,6
3gnw_clean_P_1,57.8947,27.1783,1,975.965,1135.22,879.582,255.637,38.7167,0.392182,0.225188,11165.3,0.0207144,0.0587564,193,33,35,21,0.678756,0,128,30,33,2,0,3,5,20,15,43,1,2,4,0,0,1,1,3,2,1,2,3,2,1,0,3,6,1,1,5,4,0,0,0,0,0,0,0,0,0,0,0,0,0.61668,0.670038,1
3dxg_clean_P_1,79.4118,41.0409,1,472.192,617.12,461.92,155.2,18.3695,0.391298,0.251491,1693.91,0.0719422,0.121873,103,20,22,13,0.621359,0,64,19,20,0,0,2,7,6,7,22,2,1,1,2,0,1,1,0,0,2,0,0,4,0,2,1,1,2,0,0,2,0,0,0,0,0,0,0,0,0,0,0,0,0.180397,0.361513,3
2x0y_clean_P_1,100,33.6832,1,803.191,971.072,849.35,121.721,27.0537,0.501594,0.125348,11276.4,0.132315,0.194764,179,32,30,40,0.681564,0,119,27,32,1,0,8,5,12,15,40,1,3,2,5,0,0,0,3,2,1,1,0,1,1,1,2,1,2,4,5,5,0,0,0,0,0,0,0,0,0,0,0,0,0.558274,0.379586,1
3muz_clean_P_2,93.9394,40.1352,1,529.587,667.359,619.918,47.4409,23.2283,0.6965,0.0710875,3623.64,0.128997,0.158305,164,30,32,45,0.646341,0,103,28,30,3,0,7,7,13,11,38,0,2,4,3,0,1,3,4,1,5,0,0,0,4,1,0,1,0,4,3,2,0,0,0,0,0,0,0,0,0,0,0,0,0.318028,0.323069,1
1hnn_clean_P_1,100,31.1404,1,1160.58,1516.16,1482.24,33.92,37.6106,0.510864,0.0223723,19829.5,0.0561379,0.120826,326,55,51,52,0.705521,0,227,43,55,1,0,8,4,27,32,71,5,1,5,5,0,1,3,3,7,2,2,5,1,1,3,5,2,2,0,7,11,0,0,0,0,0,0,0,0,0,0,0,0,0.80798,0.64154,3
3ejr_clean_P_16,62.963,91.308,1,177.738,214.829,186.599,28.2298,9.09468,0.557806,0.131406,93.1934,0.417998,0.809099,60,14,9,30,0.666667,0,40,6,14,0,0,4,4,4,3,15,0,2,0,4,0,0,0,0,0,2,0,0,0,0,1,0,0,1,2,3,0,0,0,0,0,0,0,0,0,0,0,0,0,0.0815054,0.0945017,1
2qft_clean_P_1,100,20.6482,1,1020.99,1472.32,1436.16,36.16,26.1962,0.562653,0.0245599,21402,0.287989,0.607447,291,50,63,16,0.652921,0,185,53,50,3,0,5,10,24,26,65,4,5,5,4,0,0,2,1,2,2,4,3,3,5,1,4,9,3,1,3,4,0,0,0,0,0,0,0,0,0,0,0,0,0.603565,0.608042,1
2ymd_clean_P_4,76,34.5695,1,246.784,401.12,365.76,35.36,16.2234,0.592842,0.0881532,886.875,0.102849,0.293504,104,18,16,25,0.721154,0,73,11,18,2,0,2,0,12,8,22,0,0,0,2,0,2,1,0,2,0,3,1,0,0,1,1,2,1,1,4,1,0,0,0,0,0,0,0,0,0,0,0,0,0.306106,0.124978,1
2qmj_clean_P_11,40.2299,83.0176,1,223.65,276.817,262.116,14.7007,9.50911,0.617244,0.0531062,170.859,0.36757,0.447734,73,12,10,33,0.712329,0,51,9,12,1,0,5,3,2,7,17,0,2,0,5,0,0,0,0,1,1,2,0,0,1,1,0,0,0,3,1,0,0,0,0,0,0,0,0,0,0,0,0,0,0.266628,0.484248,3
2xys_clean_P_3,78.7234,52.6943,1,247.04,358.4,302.72,55.68,15.2525,0.490155,0.155357,386.195,0.113208,0.15848,81,10,12,25,0.777778,0,61,8,10,2,0,1,0,10,6,17,0,0,0,1,0,2,0,0,2,0,3,1,0,0,0,0,2,0,1,4,1,0,0,0,0,0,0,0,0,0,0,0,0,0.447799,0.534738,6
3vd4_clean_P_7,84.8485,56.1534,1,338.707,410.194,374.924,35.2703,16.2535,0.65739,0.0859845,596.622,0.182126,0.388562,94,21,14,33,0.648936,0,60,12,21,1,0,8,4,7,7,26,0,0,2,5,0,1,2,3,0,4,0,0,0,2,1,0,0,0,2,2,2,0,0,0,0,0,0,0,0,0,0,0,0,0.188717,0.398026,3
2hb1_clean_P_1,100,41.5169,1,502.08,644.96,546.24,98.72,25.1492,0.435182,0.153064,3135.89,0.0500535,0.0719585,133,21,25,12,0.669173,0,87,24,21,1,0,2,7,11,8,28,2,4,3,1,0,1,3,1,2,0,1,1,3,0,1,2,1,0,0,1,1,0,0,0,0,0,0,0,0,0,0,0,0,0.347569,0.26726,3
1hfs_clean_P_1,60,60.6494,1,609.088,696.96,593.6,103.36,23.6846,0.389829,0.148301,1481.84,0.0630134,0.0924079,124,19,22,25,0.677419,0,84,21,19,0,0,2,7,5,12,26,2,2,2,0,0,0,0,2,0,5,0,5,0,0,1,1,1,0,1,2,2,0,0,0,0,0,0,0,0,0,0,0,0,0.436708,0.403164,1
3l3n_clean_P_3,85.7143,42.8617,1,808.082,851.659,655.512,196.147,26.7209,0.358193,0.230311,4182.05,0.060475,0.0655333,138,26,23,39,0.681159,0,94,18,26,0,0,4,7,14,14,39,2,2,4,1,0,0,2,3,0,4,0,4,1,0,3,1,4,0,1,4,3,0,0,0,0,0,0,0,0,0,0,0,0,0.540676,0.574671,1
3owj_clean_P_1,94.2857,25.6255,1,900.352,1079.2,930.4,148.8,28.1397,0.413349,0.13788,9820.48,0.097633,0.247905,187,25,33,20,0.705882,0,130,31,25,1,0,4,13,8,17,42,1,5,3,2,0,0,0,2,2,2,3,5,6,1,1,1,2,0,1,1,4,0,0,0,0,0,0,0,0,0,0,0,0,0.670273,0.61145,3
3l7b_clean_P_1,100,14.9994,1,1995.21,2327.11,2257.35,69.7609,37.2952,0.552055,0.0299775,114021,0.15943,0.740897,465,83,90,43,0.651613,0,299,80,83,3,0,14,10,41,32,97,6,5,10,5,0,2,3,9,12,2,4,6,3,4,6,1,5,4,2,5,3,0,0,0,0,0,0,0,0,0,0,0,0,0.967765,0.999839,6
1w3l_clean_P_1,100,29.0857,1,487.168,580.64,506.72,73.92,21.3242,0.416054,0.127308,1300.86,0.103048,0.138546,121,24,18,44,0.677686,0,82,15,24,0,0,3,4,10,11,28,2,0,1,0,0,0,1,3,2,4,1,2,0,0,2,0,1,3,4,2,0,0,0,0,0,0,0,0,0,0,0,0,0,0.365604,0.307967,2
3coy_clean_P_1,100,31.0819,1,1351.17,1570.08,1417.44,152.64,21.8687,0.419619,0.097218,20495.1,0.230237,0.435096,294,44,55,31,0.687075,0,199,49,44,2,0,4,8,18,34,64,4,4,3,2,0,0,3,2,3,3,2,9,1,3,5,3,4,2,0,3,8,0,0,0,0,0,0,0,0,0,0,0,0,0.822426,0.774062,1
3nq3_clean_P_1,100,31.9073,1,770.432,959.36,850.24,109.12,24.8193,0.441435,0.113742,6393.48,0.111572,0.294399,160,20,17,10,0.775,0,123,16,20,1,0,5,3,6,26,40,2,0,2,2,0,0,1,3,1,0,4,10,3,1,2,2,1,0,0,1,5,0,0,0,0,0,0,0,0,0,0,0,0,0.796931,0.820396,1
3nox_clean_P_8,63.8298,78.6739,1,217.295,274.499,229.503,44.9961,14.9843,0.502227,0.163921,152.697,0.161663,0.345924,62,11,11,25,0.709677,0,44,7,11,0,0,2,2,7,5,16,1,1,1,0,0,0,0,2,0,1,0,0,0,0,0,1,1,0,1,5,2,0,0,0,0,0,0,0,0,0,0,0,0,0.233172,0.178383,1
2zx6_clean_P_1,95.7447,51.4443,1,522.899,665.887,572.074,93.8133,16.0606,0.451431,0.140885,1626.77,0.127008,0.594413,120,14,20,48,0.741667,0,88,17,14,1,0,4,5,6,17,32,1,1,2,1,0,0,0,3,0,3,0,4,1,2,5,1,0,2,3,2,1,0,0,0,0,0,0,0,0,0,0,0,0,0.559784,0.474417,1
3lka_clean_P_1,100,32.8369,1,618.816,697.92,594.24,103.68,22.3929,0.384114,0.148556,2229.05,0.114391,0.147043,121,18,20,24,0.702479,0,85,18,18,0,0,1,7,6,12,26,3,1,0,0,0,0,0,1,1,4,1,2,2,0,2,2,0,3,0,2,2,0,0,0,0,0,0,0,0,0,0,0,0,0.510342,0.529224,2
3fv1_clean_P_1,100,26.3273,1,1022.21,1283.52,1140,143.52,22.4357,0.446093,0.111818,12280.3,0.164371,0.597765,212,37,33,17,0.707547,0,148,25,37,2,0,5,5,16,19,45,1,4,2,2,0,0,0,3,3,0,2,7,1,3,0,1,3,3,0,5,5,0,0,0,0,0,0,0,0,0,0,0,0,0.736524,0.755556,6
3myg_clean_P_1,60.7143,32.8082,1,820.672,957.6,815.84,141.76,19.6408,0.397645,0.148037,3742.73,0.107465,0.216165,164,29,22,15,0.695122,0,114,21,29,0,0,5,4,11,19,39,3,1,2,2,0,0,2,3,5,0,0,9,3,0,2,1,0,1,1,1,3,0,0,0,0,0,0,0,0,0,0,0,0,0.599845,0.670393,1
2pq9_clean_P_1,100,26.212,1,1279.17,1890.72,1815.36,75.36,36.0577,0.567669,0.0398578,89909.4,0.186923,0.610214,376,62,76,33,0.667553,0,245,67,62,2,0,6,12,30,36,84,6,5,7,5,0,1,2,1,3,4,4,8,3,6,2,5,8,4,1,5,4,0,0,0,0,0,0,0,0,0,0,0,0,0.751056,0.975152,1
3kv2_clean_P_1,100,45.3312,1,438.656,593.6,548.16,45.44,16.015,0.499854,0.0765499,1341.25,0.156305,0.208933,133,30,31,12,0.586466,0,78,25,30,0,0,9,4,14,4,31,0,1,3,7,0,0,2,2,3,3,0,1,0,0,0,0,1,5,0,0,3,0,0,0,0,0,0,0,0,0,0,0,0,0.0946066,0.568922,3
2ole_clean_P_5,87.037,73.8775,1,334.216,398.465,322.198,76.2669,17.4191,0.467007,0.191402,370.499,0.0802321,0.114788,82,16,14,29,0.695122,0,57,9,16,0,0,2,3,8,7,20,1,2,1,0,0,0,0,2,0,1,0,0,0,0,1,1,2,0,1,5,3,0,0,0,0,0,0,0,0,0,0,0,0,0.291387,0.379037,1
1lol_clean_P_1,83.7838,29.6141,1,517.376,650.88,467.36,183.52,21.9672,0.361331,0.281957,3658.58,0.110757,0.138558,106,15,16,4,0.745283,0,75,15,15,1,0,4,4,8,14,30,1,1,0,3,0,0,0,1,3,1,5,2,2,1,0,3,4,0,0,1,2,0,0,0,0,0,0,0,0,0,0,0,0,0.54055,0.453228,1
1jyq_clean_P_2,82.1429,41.1656,1,276.736,381.6,319.52,62.08,13.8333,0.461841,0.162683,482.215,0.153079,0.321502,65,11,13,1,0.676923,0,43,11,11,0,0,3,4,3,7,17,1,2,0,1,0,0,0,2,0,1,1,1,1,0,2,1,3,0,0,0,1,0,0,0,0,0,0,0,0,0,0,0,0,0.199473,0.236117,6
2iwx_clean_P_1,95.5556,19.9972,1,1354.75,1830.4,1543.68,286.72,31.6733,0.455782,0.156643,94021.6,0.24425,0.433052,326,54,51,26,0.699387,0,227,44,54,1,0,8,6,20,29,63,3,3,3,2,0,0,2,6,6,1,11,6,2,2,3,0,5,2,0,2,4,0,0,0,0,0,0,0,0,0,0,0,0,0.846485,0.905229,1
3l4u_clean_P_9,72.3404,83.9763,1,248.307,300.196,279.55,20.6454,9.76808,0.594659,0.0687732,229.314,0.391014,0.827908,62,12,8,26,0.677419,0,41,8,12,1,0,6,3,2,7,18,0,2,0,6,0,0,0,0,1,1,2,0,0,1,1,0,0,0,3,1,0,0,0,0,0,0,0,0,0,0,0,0,0,0.192366,0.17545,3
2vl4_clean_P_5,100,37.1362,1,415.269,484.759,441.821,42.9383,17.8503,0.578968,0.0885767,1373.09,0.146307,0.271398,118,16,20,58,0.711864,0,83,18,16,1,0,5,1,7,11,24,1,0,4,2,0,1,0,3,0,1,0,0,0,0,0,1,1,0,9,1,0,0,0,0,0,0,0,0,0,0,0,0,0,0.416222,0.271637,3
3kwa_clean_P_1,92.5,57.6239,1,342.08,444.64,397.6,47.04,14.0968,0.46492,0.105793,518.304,0.163253,0.559336,102,14,23,29,0.666667,0,68,20,14,0,0,1,4,8,12,25,1,0,3,0,0,0,1,1,0,4,0,3,0,0,3,0,1,2,2,1,3,0,0,0,0,0,0,0,0,0,0,0,0,0.235885,0.194308,4
4djv_clean_P_2,71.4286,63.7331,1,330.88,436.96,365.76,71.2,16.179,0.442166,0.162944,735.952,0.114054,0.273756,90,15,13,14,0.711111,0,64,11,15,0,0,1,1,10,10,22,1,0,0,1,0,0,1,0,3,0,2,4,1,0,1,0,2,2,1,2,1,0,0,0,0,0,0,0,0,0,0,0,0,0.337265,0.259136,1
3u9q_clean_P_1,100,11.1576,1,2096.51,2443.04,2219.04,224,32.0649,0.423377,0.091689,93948.5,0.24103,0.475299,393,59,51,45,0.735369,0,283,46,59,5,0,10,11,19,41,81,3,3,0,4,0,1,5,6,5,3,9,12,5,5,8,1,4,1,0,3,3,0,0,0,0,0,0,0,0,0,0,0,0,1,0.999917,1
3ueu_clean_P_1,100,38.7908,1,761.088,955.04,844.96,110.08,22.3464,0.44408,0.115262,6966.29,0.226758,0.344748,150,19,13,12,0.793333,0,117,12,19,2,0,1,2,6,30,39,5,0,2,0,0,2,1,1,0,0,4,11,2,2,2,1,1,0,0,0,5,0,0,0,0,0,0,0,0,0,0,0,0,0.841498,0.918013,6
2wca_clean_P_1,72,42.7332,1,613.272,743.542,662.13,81.4115,16.7584,0.529877,0.109491,3770.69,0.166335,0.585442,147,21,17,42,0.748299,0,105,19,21,2,0,3,5,13,16,37,1,1,2,2,0,1,0,1,3,3,3,0,1,1,2,3,0,2,3,5,3,0,0,0,0,0,0,0,0,0,0,0,0,0.638484,0.579072,1
1e66_clean_P_1,100,36.065,1,948.864,1074.56,1008.96,65.6,20.028,0.425334,0.0610482,7129.15,0.433884,0.455027,212,32,28,77,0.754717,0,158,21,32,1,0,2,2,20,19,43,1,1,1,1,0,0,1,1,7,1,3,3,0,1,5,1,5,0,4,6,1,0,0,0,0,0,0,0,0,0,0,0,0,0.839803,0.919831,1
2xb8_clean_P_1,100,54.7444,1,573.312,712.16,630.08,82.08,23.1032,0.439607,0.115255,1757.8,0.0603646,0.103652,131,22,28,19,0.656489,0,86,23,22,0,0,2,9,12,8,31,0,5,3,0,0,0,0,2,4,4,1,2,0,0,0,1,3,1,0,1,4,0,0,0,0,0,0,0,0,0,0,0,0,0.364566,0.358056,3
3g2n_clean_P_1,100,17.3343,1,1878.79,2166.44,2100.5,65.9469,36.3374,0.55356,0.0304402,77654.5,0.122719,0.604548,438,82,86,43,0.641553,0,279,75,82,2,0,14,12,39,28,93,6,6,11,5,0,2,2,9,12,2,5,4,4,3,5,0,3,4,2,5,3,0,0,0,0,0,0,0,0,0,0,0,0,0.902028,0.996803,3
1qi0_clean_P_1,35.5556,9.43189,1,523.84,665.44,535.84,129.6,16.3218,0.409163,0.194758,2254.49,0.268687,0.458666,117,25,21,32,0.649573,0,76,16,25,0,0,3,3,12,8,26,2,0,1,0,0,0,1,3,2,3,1,1,0,0,1,0,4,2,3,2,0,0,0,0,0,0,0,0,0,0,0,0,0,0.300778,0.258181,1
